0.17057 0.80132 0.13754 0.21703 -1.00000
0.89320 0.43318 0.15350 0.76170 -1.00000
0.61284 0.14184 0.93665 0.86063 -1.00000
0.33249 0.05593 0.78120 0.34430 -1.00000
0.38778 0.93452 0.23331 0.05184 -1.00000
0.30060 0.72007 0.51975 0.95499 -1.00000
0.38820 0.15613 0.01262 0.83248 -1.00000
0.95984 0.76980 0.07060 0.06990 -1.00000
0.72696 0.18211 0.76803 0.17585 -1.00000
0.29572 0.57802 0.48084 0.17131 -1.00000
0.85556 0.75193 0.92885 0.07026 -1.00000
0.53137 0.80592 0.11810 0.39487 -1.00000
0.08300 0.69662 0.59283 0.09120 -1.00000
0.60349 0.98113 0.71533 0.74423 -1.00000
0.41275 0.12501 0.17390 0.30467 -1.00000
0.37114 0.45925 0.34791 0.51240 -1.00000
0.52094 0.87669 0.71040 0.36929 -1.00000
0.33591 0.64258 0.13943 0.56222 -1.00000
0.21464 0.09579 0.93498 0.38294 -1.00000
0.03984 0.44670 0.34992 0.67924 -1.00000
0.99663 0.50335 0.27993 0.66297 -1.00000
0.61318 0.49889 0.65822 0.90561 -1.00000
0.76520 0.04379 0.58704 0.77463 -1.00000
0.54870 0.04241 0.30552 0.89440 -1.00000
0.11672 0.75579 0.69430 0.17672 -1.00000
0.81928 0.04617 0.47079 0.08656 -1.00000
0.21538 0.45287 0.89624 0.78567 -1.00000
0.80499 0.22401 0.04663 0.85666 -1.00000
0.13765 0.08259 0.74432 0.88660 -1.00000
0.35199 0.79461 0.69849 0.93077 -1.00000
0.37741 0.01701 0.58259 0.53954 -1.00000
0.38177 0.06987 0.86494 0.50374 -1.00000
0.02053 0.74235 0.13033 0.43737 -1.00000
0.38517 0.24943 0.24820 0.72207 -1.00000
0.65930 0.96551 0.94963 0.46770 -1.00000
0.02084 0.51563 0.71623 0.57273 -1.00000
0.72459 0.04948 0.48693 0.23767 -1.00000
0.19142 0.58873 0.19723 0.33721 -1.00000
0.33637 0.08042 0.03804 0.12561 -1.00000
0.23822 0.68197 0.79832 0.55402 -1.00000
0.58905 0.31914 0.01986 0.52493 -1.00000
0.65499 0.10871 0.34903 0.68797 -1.00000
0.27445 0.75647 0.85824 0.85235 -1.00000
0.88489 0.20295 0.39033 0.67790 -1.00000
0.61110 0.37085 0.68093 0.52797 -1.00000
0.07053 0.61800 0.79081 0.78156 -1.00000
0.73141 0.67964 0.62611 0.50391 -1.00000
0.20234 0.90256 0.98483 0.45810 -1.00000
0.02603 0.74421 0.20026 0.69419 -1.00000
0.54901 0.25927 0.07818 0.61027 -1.00000
0.79352 0.53666 0.82383 0.51896 -1.00000
0.97321 0.81120 0.59920 0.04541 -1.00000
0.60696 0.01034 0.62731 0.97045 -1.00000
0.99337 0.66246 0.82837 0.84349 -1.00000
0.07950 0.37966 0.11630 0.56811 -1.00000
0.15212 0.19699 0.84036 0.84060 -1.00000
0.75013 0.37252 0.34569 0.86071 -1.00000
0.58410 0.19423 0.91104 0.30447 -1.00000
0.32845 0.73817 0.57280 0.10733 -1.00000
0.50982 0.28910 0.65892 0.13590 -1.00000
0.48577 0.33846 0.61407 0.71731 -1.00000
0.71384 0.57382 0.80924 0.45168 -1.00000
0.78811 0.13480 0.28689 0.45923 -1.00000
0.35694 0.76752 0.76230 0.88259 -1.00000
0.26307 0.90996 0.47171 0.37259 -1.00000
0.85149 0.37332 0.53161 0.15770 -1.00000
0.55744 0.15560 0.10189 0.36506 -1.00000
0.70012 0.35326 0.20166 0.45103 -1.00000
0.04755 0.79558 0.59681 0.38407 -1.00000
0.09223 0.29213 0.97386 0.34688 -1.00000
0.07876 0.29621 0.34819 0.85219 -1.00000
0.82751 0.31013 0.04440 0.75310 -1.00000
0.32563 0.13229 0.46190 0.40850 -1.00000
0.55772 0.21037 0.44023 0.88598 -1.00000
0.54834 0.58536 0.12867 0.52025 -1.00000
0.18195 0.18875 0.21055 0.44210 -1.00000
0.36746 0.79101 0.91455 0.28909 -1.00000
0.87720 0.04496 0.65231 0.89495 -1.00000
0.25519 0.72077 0.85100 0.55717 -1.00000
0.81999 0.51945 0.08562 0.51685 -1.00000
0.75967 0.37452 0.60345 0.89880 -1.00000
0.12706 0.26383 0.30856 0.19642 -1.00000
0.15180 0.24253 0.82948 0.61733 -1.00000
0.59403 0.26927 0.36596 0.47025 -1.00000
0.93249 0.90322 0.78479 0.73729 -1.00000
0.27527 0.92392 0.10786 0.61621 -1.00000
0.48216 0.21360 0.85072 0.19845 -1.00000
0.02526 0.78863 0.64132 0.18696 -1.00000
0.08097 0.33173 0.60527 0.31165 -1.00000
0.71192 0.09457 0.71793 0.26513 -1.00000
0.34099 0.99252 0.15605 0.41023 -1.00000
0.61729 0.00286 0.70226 0.90804 -1.00000
0.76829 0.12163 0.94700 0.38102 -1.00000
0.70386 0.99397 0.35369 0.37587 -1.00000
0.83382 0.11887 0.66668 0.92025 -1.00000
0.61937 0.50544 0.53931 0.82091 -1.00000
0.17899 0.81071 0.51599 0.09078 -1.00000
0.83167 0.81224 0.43133 0.94855 -1.00000
0.89485 0.11965 0.35378 0.81634 -1.00000
0.87617 0.06122 0.70086 0.04460 -1.00000
0.14822 0.15252 0.76233 0.66212 -1.00000
0.80260 0.14212 0.70358 0.96259 -1.00000
0.55085 0.09216 0.02015 0.57317 -1.00000
0.58436 0.26450 0.40737 0.82594 -1.00000
0.18848 0.65223 0.17728 0.44532 -1.00000
0.09044 0.06719 0.05400 0.16368 -1.00000
0.79766 0.97396 0.92553 0.87765 -1.00000
0.06569 0.21371 0.67390 0.40544 -1.00000
0.94192 0.86784 0.63613 0.33939 -1.00000
0.25444 0.04707 0.60936 0.30553 -1.00000
0.85012 0.70023 0.77915 0.29588 -1.00000
0.29063 0.60062 0.96629 0.43284 -1.00000
0.29433 0.10627 0.13548 0.25250 -1.00000
0.15812 0.15792 0.34129 0.84670 -1.00000
0.21358 0.28441 0.70934 0.95477 -1.00000
0.79069 0.28357 0.38558 0.77997 -1.00000
0.18686 0.19707 0.19481 0.01448 -1.00000
0.37447 0.22956 0.59552 0.86248 -1.00000
0.08666 0.03452 0.42198 0.64402 -1.00000
0.68766 0.53555 0.95643 0.77041 -1.00000
0.55462 0.94740 0.36990 0.53210 -1.00000
0.21132 0.41143 0.90835 0.15814 -1.00000
0.91152 0.02637 0.93837 0.54476 -1.00000
0.97566 0.60273 0.89108 0.81602 -1.00000
0.67626 0.71400 0.98125 0.22975 -1.00000
0.53569 0.97510 0.63955 0.77312 -1.00000
0.37063 0.85892 0.21392 0.97155 -1.00000
0.70086 0.90573 0.19379 0.57211 -1.00000
0.90699 0.36109 0.78657 0.80025 -1.00000
0.33022 0.52841 0.22435 0.46137 -1.00000
0.01412 0.62638 0.07877 0.29752 -1.00000
0.85027 0.66808 0.75800 0.10040 -1.00000
0.31105 0.14151 0.72580 0.89065 -1.00000
0.87398 0.29821 0.71011 0.22919 -1.00000
0.81875 0.02766 0.62548 0.36433 -1.00000
0.37565 0.10946 0.37327 0.68410 -1.00000
0.94979 0.51828 0.95513 0.55856 -1.00000
0.32752 0.65245 0.11690 0.65763 -1.00000
0.77326 0.61928 0.85832 0.84426 -1.00000
0.20269 0.62595 0.49970 0.57187 -1.00000
0.56843 0.28148 0.29358 0.86273 -1.00000
0.03006 0.41579 0.54639 0.78860 -1.00000
0.33555 0.41430 0.98606 0.37068 -1.00000
0.77185 0.09297 0.39895 0.09023 -1.00000
0.59516 0.75741 0.43227 0.08184 -1.00000
0.19583 0.70886 0.40852 0.14372 -1.00000
0.81207 0.74829 0.63249 0.17736 -1.00000
0.53352 0.45468 0.30214 0.71562 -1.00000
0.84934 0.90032 0.56986 0.45585 -1.00000
0.24059 0.88576 0.99428 0.35371 -1.00000
0.29927 0.82509 0.89139 0.86927 -1.00000
0.60315 0.39531 0.81895 0.26576 -1.00000
0.82551 0.70926 0.58080 0.03149 -1.00000
0.05433 0.51322 0.48235 0.67594 -1.00000
0.28223 0.37427 0.48782 0.10901 -1.00000
0.29652 0.81929 0.37796 0.10342 -1.00000
0.63594 0.67725 0.75254 0.19681 -1.00000
0.94481 0.80373 0.25876 0.33331 -1.00000
0.21138 0.58527 0.30517 0.40657 -1.00000
0.48501 0.73856 0.37824 0.67014 -1.00000
0.50653 0.04355 0.38672 0.83878 -1.00000
0.77613 0.42421 0.95210 0.27532 -1.00000
0.54185 0.20111 0.46068 0.64612 -1.00000
0.55852 0.61485 0.99971 0.31529 -1.00000
0.12557 0.53375 0.46015 0.98224 -1.00000
0.09588 0.70438 0.04503 0.64020 -1.00000
0.99145 0.77392 0.63506 0.14455 -1.00000
0.96083 0.87201 0.33826 0.54131 -1.00000
0.77049 0.62540 0.29769 0.59615 -1.00000
0.49195 0.75471 0.65199 0.94897 -1.00000
0.91294 0.61594 0.67577 0.80267 -1.00000
0.45320 0.08376 0.86206 0.68430 -1.00000
0.65127 0.39133 0.52035 0.91955 -1.00000
0.12079 0.08192 0.45936 0.94054 -1.00000
0.07820 0.17723 0.51720 0.86280 -1.00000
0.40904 0.41547 0.69916 0.70021 -1.00000
0.57652 0.33537 0.55856 0.21314 -1.00000
0.17383 0.95600 0.12702 0.23419 -1.00000
0.66655 0.45827 0.06011 0.83690 -1.00000
0.59164 0.97831 0.91874 0.99081 -1.00000
0.97114 0.63638 0.10966 0.64952 -1.00000
0.78371 0.70230 0.97463 0.72739 -1.00000
0.51648 0.71151 0.58559 0.34670 -1.00000
0.57299 0.50884 0.18530 0.15275 -1.00000
0.43012 0.20162 0.11540 0.57198 -1.00000
0.54892 0.76138 0.05824 0.38096 -1.00000
0.23136 0.93910 0.68820 0.21372 -1.00000
0.52084 0.44326 0.60861 0.32552 -1.00000
0.49492 0.21621 0.09492 0.17106 -1.00000
0.14402 0.83599 0.05168 0.93006 -1.00000
0.24160 0.18369 0.11920 0.94099 -1.00000
0.08975 0.88718 0.75886 0.50954 -1.00000
0.81880 0.62027 0.04803 0.03520 -1.00000
0.77021 0.22302 0.62030 0.24017 -1.00000
0.55268 0.20050 0.97122 0.63518 -1.00000
0.24122 0.00193 0.17984 0.66918 -1.00000
0.14468 0.61127 0.50281 0.14230 -1.00000
0.80067 0.98539 0.72920 0.46115 -1.00000
0.33318 0.44278 0.43385 0.23019 -1.00000
0.07309 0.43956 0.85650 0.96133 -1.00000
0.55606 0.57921 0.64773 0.05354 -1.00000
0.99603 0.31937 0.09175 0.94552 -1.00000
0.44282 0.62485 0.21799 0.72383 -1.00000
0.87826 0.63735 0.66591 0.76834 -1.00000
0.25938 0.17585 0.39024 0.17607 -1.00000
0.40102 0.39678 0.03094 0.05138 -1.00000
0.80623 0.50295 0.45130 0.72676 -1.00000
0.43745 0.65077 0.05225 0.08499 -1.00000
0.38632 0.74718 0.77747 0.79083 -1.00000
0.78263 0.02969 0.45577 0.72289 -1.00000
0.73911 0.65224 0.94738 0.66793 -1.00000
0.16379 0.68114 0.76342 0.55388 -1.00000
0.52340 0.60878 0.21986 0.75563 -1.00000
0.03065 0.41161 0.47327 0.95099 -1.00000
0.65521 0.67597 0.80493 0.09518 -1.00000
0.21746 0.76694 0.09249 0.34328 -1.00000
0.63841 0.81714 0.47663 0.20896 -1.00000
0.15829 0.65372 0.07063 0.20289 -1.00000
0.67138 0.68854 0.05251 0.71569 -1.00000
0.58470 0.46956 0.39116 0.29199 -1.00000
0.69828 0.01866 0.57866 0.61028 -1.00000
0.52678 0.80820 0.86314 0.15115 -1.00000
0.73872 0.39395 0.01976 0.04483 -1.00000
0.98988 0.30456 0.40695 0.92901 -1.00000
0.28535 0.17492 0.33052 0.39695 -1.00000
0.95335 0.25477 0.58933 0.64138 -1.00000
0.85965 0.41672 0.05339 0.93910 -1.00000
0.97840 0.98942 0.35401 0.68145 -1.00000
0.03168 0.43242 0.97267 0.35939 -1.00000
0.72039 0.53371 0.47498 0.61720 -1.00000
0.55644 0.84368 0.39614 0.54839 -1.00000
0.51755 0.82183 0.12106 0.00210 -1.00000
0.41032 0.41816 0.45235 0.56071 -1.00000
0.27540 0.28636 0.37642 0.59245 -1.00000
0.37957 0.16302 0.94709 0.76682 -1.00000
0.45965 0.95467 0.18862 0.46103 -1.00000
0.24628 0.25056 0.24548 0.92931 -1.00000
0.21420 0.82448 0.91297 0.98757 -1.00000
0.58052 0.27009 0.90965 0.05177 -1.00000
0.78271 0.31803 0.16043 0.99189 -1.00000
0.67565 0.77057 0.04084 0.91667 -1.00000
0.16325 0.56040 0.91294 0.37997 -1.00000
0.03589 0.26692 0.69401 0.71131 -1.00000
0.35508 0.28691 0.77480 0.54474 -1.00000
0.81198 0.47838 0.57244 0.61782 -1.00000
0.63013 0.45415 0.10630 0.60296 -1.00000
0.57746 0.43079 0.34994 0.70499 -1.00000
0.39559 0.19852 0.15888 0.50566 -1.00000
0.70897 0.49909 0.92875 0.70778 -1.00000
0.65537 0.33520 0.50135 0.10767 -1.00000
0.94845 0.43328 0.39416 0.99468 -1.00000
0.44051 0.22473 0.31927 0.46259 -1.00000
0.60821 0.37165 0.05343 0.82695 -1.00000
0.98898 0.53332 0.32902 0.46257 -1.00000
0.11388 0.41030 0.63840 0.02474 -1.00000
0.94882 0.98501 0.86748 0.01041 -1.00000
0.36751 0.54598 0.75645 0.90631 -1.00000
0.82918 0.74757 0.68148 0.54919 -1.00000
0.58488 0.15742 0.83263 0.25631 -1.00000
0.03743 0.84840 0.23546 0.20714 -1.00000
0.80024 0.44436 0.69906 0.41739 -1.00000
0.88786 0.58143 0.96872 0.17367 -1.00000
0.53331 0.99847 0.60545 0.16819 -1.00000
0.93971 0.27719 0.97866 0.07036 -1.00000
0.33828 0.79134 0.15659 0.37861 -1.00000
0.66342 0.08986 0.14801 0.24753 -1.00000
0.99188 0.64016 0.83927 0.59677 -1.00000
0.89258 0.29101 0.61388 0.23260 -1.00000
0.71903 0.68952 0.34792 0.18184 -1.00000
0.78402 0.12754 0.78656 0.25148 -1.00000
0.28063 0.57492 0.22924 0.21860 -1.00000
0.97127 0.52337 0.43057 0.73764 -1.00000
0.81408 0.70399 0.09129 0.73997 -1.00000
0.40049 0.50715 0.49386 0.88153 -1.00000
0.89201 0.38768 0.30117 0.20070 -1.00000
0.84289 0.44899 0.44690 0.18324 1.00000
0.62399 0.09702 0.98061 0.49184 -1.00000
0.64699 0.22436 0.80964 0.60817 -1.00000
0.23174 0.17041 0.81176 0.81031 -1.00000
0.61698 0.44480 0.46595 0.68573 -1.00000
0.37977 0.46275 0.62620 0.63269 -1.00000
0.40229 0.32735 0.29393 0.27117 -1.00000
0.02106 0.03226 0.76196 0.55635 -1.00000
0.27042 0.78819 0.81423 0.71175 -1.00000
0.78046 0.05009 0.52262 0.88738 -1.00000
0.14243 0.97427 0.03005 0.80600 -1.00000
0.38175 0.85237 0.92898 0.55768 -1.00000
0.32270 0.23539 0.88828 0.45631 -1.00000
0.69447 0.41921 0.17096 0.38024 -1.00000
0.94910 0.81241 0.97884 0.33876 -1.00000
0.94484 0.58392 0.00339 0.31635 -1.00000
0.39678 0.58490 0.75583 0.71586 -1.00000
0.90281 0.79929 0.14678 0.81772 -1.00000
0.81628 0.21279 0.61293 0.53594 -1.00000
0.18855 0.53138 0.28785 0.28820 -1.00000
0.23178 0.30065 0.94597 0.78190 -1.00000
0.78127 0.54693 0.14510 0.38770 -1.00000
0.81942 0.68074 0.69243 0.23266 -1.00000
0.86711 0.35755 0.23252 0.83678 -1.00000
0.58993 0.84232 0.66864 0.68949 -1.00000
0.22605 0.29692 0.29270 0.91374 -1.00000
0.62626 0.98552 0.64659 0.88612 -1.00000
0.67592 0.32792 0.12386 0.50783 -1.00000
0.06168 0.30089 0.06188 0.65044 -1.00000
0.44642 0.11574 0.78434 0.10625 -1.00000
0.30620 0.56576 0.93635 0.39139 -1.00000
0.80952 0.50962 0.45016 0.08831 -1.00000
0.51870 0.48044 0.15227 0.42310 -1.00000
0.58535 0.71839 0.62700 0.82302 -1.00000
0.88723 0.19141 0.98568 0.57946 -1.00000
0.64723 0.93839 0.74660 0.77920 -1.00000
0.67385 0.09452 0.34633 0.05167 -1.00000
0.93063 0.86217 0.10866 0.73357 -1.00000
0.36522 0.62774 0.27100 0.60085 -1.00000
0.33284 0.06479 0.03795 0.54170 -1.00000
0.57400 0.54941 0.62323 0.09209 -1.00000
0.30190 0.32760 0.23196 0.09847 -1.00000
0.38144 0.11120 0.06845 0.30220 -1.00000
0.22969 0.05809 0.88279 0.73542 -1.00000
0.06074 0.44216 0.25051 0.52509 -1.00000
0.42011 0.94695 0.45157 0.58059 -1.00000
0.63857 0.88775 0.02602 0.26357 -1.00000
0.16169 0.90464 0.13072 0.50273 -1.00000
0.46199 0.31075 0.00822 0.03115 -1.00000
0.96595 0.52068 0.42785 0.91543 -1.00000
0.83003 0.82618 0.36698 0.94716 -1.00000
0.14753 0.29264 0.65541 0.15140 -1.00000
0.98408 0.32679 0.73235 0.24104 -1.00000
0.49730 0.92778 0.85183 0.82136 -1.00000
0.35913 0.41104 0.79404 0.20602 -1.00000
0.31635 0.11127 0.66676 0.34833 -1.00000
0.55478 0.44102 0.30413 0.24683 -1.00000
0.67897 0.26102 0.41141 0.06553 -1.00000
0.84233 0.47034 0.23746 0.38413 -1.00000
0.86314 0.41067 0.02837 0.27385 -1.00000
0.41382 0.76819 0.82866 0.04342 -1.00000
0.45060 0.40267 0.26095 0.72401 -1.00000
0.26428 0.09116 0.38125 0.88871 -1.00000
0.43464 0.89341 0.77830 0.06207 -1.00000
0.92295 0.11015 0.78310 0.42112 -1.00000
0.19477 0.72134 0.81091 0.19022 -1.00000
0.15822 0.50883 0.43497 0.20124 -1.00000
0.70649 0.26206 0.78090 0.56938 -1.00000
0.17152 0.78173 0.00603 0.65156 -1.00000
0.66168 0.71790 0.80782 0.06234 -1.00000
0.61613 0.37498 0.51262 0.23316 -1.00000
0.48049 0.80423 0.72928 0.85437 -1.00000
0.78666 0.90105 0.13281 0.08358 -1.00000
0.80190 0.77640 0.55984 0.42705 -1.00000
0.59368 0.89839 0.03424 0.59709 -1.00000
0.83684 0.78794 0.83705 0.01408 -1.00000
0.71051 0.58936 0.47928 0.01411 -1.00000
0.57097 0.55287 0.83936 0.82293 -1.00000
0.92099 0.99007 0.13250 0.33775 -1.00000
0.14641 0.58103 0.28729 0.56982 -1.00000
0.76431 0.07621 0.76101 0.53150 -1.00000
0.14668 0.24314 0.53071 0.74053 -1.00000
0.14199 0.71968 0.30787 0.17196 -1.00000
0.83216 0.67228 0.03401 0.91292 -1.00000
0.26484 0.92411 0.65812 0.72633 -1.00000
0.12904 0.21367 0.71351 0.54240 -1.00000
0.04987 0.10586 0.93760 0.03766 -1.00000
0.80295 0.97034 0.24226 0.69609 -1.00000
0.64623 0.52542 0.05345 0.65494 -1.00000
0.32009 0.50184 0.80445 0.63297 -1.00000
0.98330 0.76778 0.24120 0.38097 -1.00000
0.17193 0.74831 0.28464 0.78403 -1.00000
0.84116 0.48070 0.23374 0.15859 1.00000
0.93127 0.74251 0.86393 0.11420 -1.00000
0.30697 0.06232 0.75519 0.36839 -1.00000
0.74455 0.34587 0.19839 0.19490 1.00000
0.18323 0.02912 0.33100 0.27115 -1.00000
0.96874 0.57281 0.08890 0.79507 -1.00000
0.95558 0.93407 0.99836 0.45832 -1.00000
0.02024 0.28508 0.58862 0.13053 -1.00000
0.46741 0.49815 0.19635 0.58649 -1.00000
0.86887 0.40244 0.00804 0.43908 -1.00000
0.01016 0.15675 0.24664 0.54396 -1.00000
0.28072 0.48700 0.74347 0.54960 -1.00000
0.43635 0.04571 0.23388 0.22910 -1.00000
0.31277 0.45825 0.52322 0.88868 -1.00000
0.13430 0.36033 0.84865 0.43560 -1.00000
0.37922 0.15942 0.63046 0.48712 -1.00000
0.95204 0.63059 0.75824 0.83864 -1.00000
0.88868 0.76252 0.51903 0.24153 -1.00000
0.40391 0.82398 0.50886 0.51457 -1.00000
0.03919 0.27757 0.29650 0.56775 -1.00000
0.95359 0.25238 0.10651 0.55507 -1.00000
0.71505 0.33260 0.99000 0.38381 -1.00000
0.31143 0.33183 0.72021 0.97443 -1.00000
0.09043 0.94460 0.14716 0.38781 -1.00000
0.22640 0.37545 0.79933 0.04599 -1.00000
0.27245 0.59074 0.61899 0.89924 -1.00000
0.03832 0.32442 0.23127 0.56017 -1.00000
0.02606 0.76882 0.41678 0.31197 -1.00000
0.10389 0.64579 0.67653 0.96780 -1.00000
0.42502 0.20794 0.37033 0.80043 -1.00000
0.20845 0.36024 0.91550 0.12113 -1.00000
0.62277 0.70379 0.86909 0.46886 -1.00000
0.71768 0.65626 0.37606 0.85264 -1.00000
0.01382 0.82645 0.29253 0.14963 -1.00000
0.09792 0.24183 0.12664 0.84783 -1.00000
0.32111 0.62438 0.67167 0.97648 -1.00000
0.93850 0.31822 0.62884 0.18744 -1.00000
0.80341 0.89691 0.48047 0.54345 -1.00000
0.84936 0.95163 0.68950 0.50268 -1.00000
0.01117 0.59046 0.65029 0.49843 -1.00000
0.41227 0.76637 0.45655 0.35255 -1.00000
0.45543 0.19481 0.49942 0.16201 -1.00000
0.49738 0.51241 0.92728 0.71252 -1.00000
0.00731 0.35053 0.98504 0.13336 -1.00000
0.09804 0.06703 0.53125 0.10195 -1.00000
0.97849 0.71184 0.79822 0.77569 -1.00000
0.88998 0.60641 0.02472 0.08055 -1.00000
0.14622 0.92559 0.99943 0.96250 -1.00000
0.11435 0.27531 0.91548 0.93418 -1.00000
0.04194 0.29808 0.56300 0.27165 -1.00000
0.66033 0.89585 0.97414 0.70709 -1.00000
0.12968 0.96301 0.07053 0.96955 -1.00000
0.95148 0.20775 0.02910 0.81036 -1.00000
0.59540 0.47502 0.41121 0.84995 -1.00000
0.65064 0.38317 0.49704 0.94671 -1.00000
0.56842 0.05171 0.12760 0.42190 -1.00000
0.69374 0.27392 0.27862 0.81746 -1.00000
0.85264 0.19908 0.37845 0.60504 -1.00000
0.92337 0.74880 0.93092 0.35148 -1.00000
0.94300 0.61581 0.94553 0.38321 -1.00000
0.02815 0.24148 0.39937 0.08108 -1.00000
0.31157 0.06666 0.37325 0.78557 -1.00000
0.72772 0.36437 0.22708 0.57818 -1.00000
0.70297 0.80495 0.70791 0.88418 -1.00000
0.20525 0.62662 0.87496 0.62398 -1.00000
0.89192 0.08675 0.32316 0.17247 -1.00000
0.67962 0.32718 0.56241 0.14956 -1.00000
0.18382 0.73217 0.06473 0.23922 -1.00000
0.16971 0.25913 0.96998 0.04576 -1.00000
0.69183 0.63476 0.65153 0.22135 -1.00000
0.11358 0.47063 0.50293 0.62288 -1.00000
0.23812 0.07211 0.87785 0.59284 -1.00000
0.17891 0.63735 0.55778 0.82264 -1.00000
0.06336 0.61681 0.74163 0.33771 -1.00000
0.36227 0.20966 0.08168 0.20192 -1.00000
0.09886 0.69902 0.07182 0.28318 -1.00000
0.14612 0.45195 0.45495 0.88076 -1.00000
0.76911 0.79422 0.19943 0.52500 -1.00000
0.60520 0.56051 0.90549 0.63264 -1.00000
0.88949 0.42026 0.36568 0.19159 -1.00000
0.35056 0.56510 0.85913 0.73002 -1.00000
0.79408 0.43389 0.25410 0.20509 -1.00000
0.53172 0.08433 0.36606 0.78470 -1.00000
0.91153 0.49482 0.61985 0.39470 -1.00000
0.86502 0.57327 0.35353 0.42176 -1.00000
0.20490 0.12133 0.99237 0.47229 -1.00000
0.40541 0.91410 0.85692 0.95522 -1.00000
0.00766 0.34825 0.21123 0.26522 -1.00000
0.39282 0.59956 0.14064 0.41814 -1.00000
0.04626 0.09994 0.57643 0.90613 -1.00000
0.23411 0.98043 0.48912 0.80936 -1.00000
0.91213 0.24565 0.38856 0.81609 -1.00000
0.51918 0.75590 0.75243 0.96911 -1.00000
0.33293 0.95457 0.00798 0.24084 -1.00000
0.46427 0.25944 0.06390 0.68104 -1.00000
0.85103 0.13877 0.14283 0.98899 -1.00000
0.91089 0.23303 0.96470 0.69230 -1.00000
0.21435 0.27612 0.55066 0.31886 -1.00000
0.44977 0.18689 0.69702 0.55464 -1.00000
0.53100 0.22353 0.97162 0.83999 -1.00000
0.66135 0.32288 0.92906 0.64614 -1.00000
0.07732 0.47263 0.96310 0.07320 -1.00000
0.41768 0.33747 0.48775 0.96855 -1.00000
0.38719 0.80552 0.75952 0.64244 -1.00000
0.79932 0.62458 0.05299 0.73107 -1.00000
0.26229 0.56975 0.07019 0.95695 -1.00000
0.36032 0.10880 0.64828 0.97043 -1.00000
0.44182 0.25085 0.53713 0.46604 -1.00000
0.92738 0.67427 0.14154 0.94384 -1.00000
0.07006 0.12764 0.19615 0.72151 -1.00000
0.68493 0.21356 0.75620 0.78372 -1.00000
0.14673 0.37376 0.73020 0.20488 -1.00000
0.39749 0.14873 0.89606 0.37918 -1.00000
0.79101 0.18983 0.77349 0.26390 -1.00000
0.46500 0.48043 0.62039 0.47413 -1.00000
0.37609 0.32059 0.75213 0.28645 -1.00000
0.93096 0.64347 0.93077 0.88518 -1.00000
0.19316 0.41358 0.19745 0.74177 -1.00000
0.27164 0.44580 0.03833 0.06482 -1.00000
0.66579 0.78867 0.46977 0.79892 -1.00000
0.20201 0.71758 0.00615 0.01296 -1.00000
0.16698 0.79385 0.99795 0.00515 -1.00000
0.88056 0.92699 0.54826 0.17087 -1.00000
0.31946 0.97034 0.00672 0.84182 -1.00000
0.01792 0.67326 0.82242 0.27742 -1.00000
0.84746 0.13183 0.81729 0.02764 -1.00000
0.03070 0.49747 0.32132 0.54144 -1.00000
0.27969 0.50993 0.78726 0.61512 -1.00000
0.98785 0.23645 0.11873 0.31214 -1.00000
0.28850 0.32559 0.27234 0.99650 -1.00000
0.58374 0.69451 0.83277 0.22230 -1.00000
0.82036 0.61744 0.31587 0.96833 -1.00000
0.00339 0.32604 0.72299 0.26233 -1.00000
0.30986 0.16615 0.71873 0.87215 -1.00000
0.77574 0.10363 0.91671 0.28444 -1.00000
0.70903 0.55738 0.41565 0.76707 -1.00000
0.37647 0.98306 0.28593 0.45749 -1.00000
0.89397 0.14105 0.42048 0.61993 -1.00000
0.11056 0.21415 0.95351 0.36948 -1.00000
0.75324 0.43558 0.45344 0.16982 1.00000
0.26087 0.37747 0.11009 0.74572 -1.00000
0.29812 0.00303 0.58868 0.17589 -1.00000
0.75243 0.96288 0.07122 0.13461 -1.00000
0.02658 0.34439 0.78300 0.58779 -1.00000
0.00287 0.42669 0.35353 0.37272 -1.00000
0.01367 0.29986 0.91656 0.67985 -1.00000
0.96261 0.77461 0.41700 0.64381 -1.00000
0.19147 0.20123 0.61234 0.17444 -1.00000
0.31549 0.57994 0.65022 0.39658 -1.00000
0.83757 0.43246 0.37800 0.54944 -1.00000
0.56624 0.16277 0.88696 0.19646 -1.00000
0.35519 0.14422 0.05131 0.52322 -1.00000
0.08253 0.98603 0.46736 0.42574 -1.00000
0.47365 0.61395 0.08565 0.81233 -1.00000
0.25577 0.59467 0.03396 0.78359 -1.00000
0.49585 0.63755 0.12283 0.71768 -1.00000
0.34265 0.89238 0.33968 0.00243 -1.00000
0.23786 0.22642 0.33347 0.71042 -1.00000
0.63149 0.83570 0.44685 0.22443 -1.00000
0.48266 0.46796 0.53758 0.12286 -1.00000
0.92537 0.37224 0.02932 0.65278 -1.00000
0.71178 0.91206 0.38214 0.35433 -1.00000
0.54189 0.95340 0.54308 0.39547 -1.00000
0.46510 0.31652 0.47447 0.81345 -1.00000
0.18953 0.46553 0.25479 0.43299 -1.00000
0.79743 0.89363 0.63261 0.52167 -1.00000
0.86288 0.47209 0.19019 0.31486 -1.00000
0.86600 0.33033 0.81650 0.07265 -1.00000
0.86921 0.72005 0.52613 0.34222 -1.00000
0.76604 0.34436 0.90866 0.01522 -1.00000
0.51280 0.98584 0.02082 0.29176 -1.00000
0.78683 0.08359 0.74591 0.30091 -1.00000
0.27002 0.64691 0.11371 0.07097 -1.00000
0.24496 0.83311 0.10727 0.22272 -1.00000
0.75295 0.75338 0.85682 0.60099 -1.00000
0.73612 0.57573 0.71708 0.98289 -1.00000
0.41390 0.44733 0.18869 0.43708 -1.00000
0.84294 0.39012 0.43979 0.81384 -1.00000
0.84902 0.29352 0.58562 0.75436 -1.00000
0.86531 0.97725 0.93932 0.63804 -1.00000
0.70672 0.93729 0.97492 0.19254 -1.00000
0.42284 0.07008 0.29584 0.14680 -1.00000
0.44035 0.56320 0.37517 0.49143 -1.00000
0.62042 0.21136 0.50858 0.74078 -1.00000
0.90429 0.84067 0.92017 0.55358 -1.00000
0.90687 0.34354 0.45708 0.75732 -1.00000
0.92229 0.08160 0.85169 0.09814 -1.00000
0.13686 0.37880 0.02649 0.16272 -1.00000
0.33185 0.50534 0.55419 0.73699 -1.00000
0.77874 0.96647 0.90671 0.66089 -1.00000
0.32135 0.36950 0.69355 0.18631 -1.00000
0.97514 0.49756 0.25903 0.12998 -1.00000
0.28925 0.12624 0.42053 0.37972 -1.00000
0.79702 0.82184 0.05797 0.18892 -1.00000
0.57201 0.38390 0.33063 0.26715 -1.00000
0.43924 0.04179 0.02488 0.88685 -1.00000
0.76591 0.85193 0.73291 0.80845 -1.00000
0.91273 0.24953 0.94993 0.44992 -1.00000
0.11469 0.44365 0.26712 0.34056 -1.00000
0.77575 0.23912 0.46058 0.43445 -1.00000
0.69001 0.56770 0.50165 0.55489 -1.00000
0.96607 0.38659 0.38196 0.66363 -1.00000
0.91846 0.95023 0.40585 0.04584 -1.00000
0.42188 0.93969 0.71032 0.17625 -1.00000
0.12531 0.55146 0.91143 0.38442 -1.00000
0.66812 0.60589 0.14851 0.13204 -1.00000
0.07449 0.48060 0.67392 0.35450 -1.00000
0.88327 0.44362 0.77776 0.77834 -1.00000
0.50022 0.59876 0.15320 0.31144 -1.00000
0.42943 0.47481 0.55214 0.84463 -1.00000
0.76401 0.37129 0.25149 0.16211 1.00000
0.20921 0.92366 0.47462 0.32030 -1.00000
0.42256 0.07014 0.37323 0.60386 -1.00000
0.07466 0.78064 0.86741 0.29346 -1.00000
0.51791 0.38869 0.05307 0.94866 -1.00000
0.51329 0.80676 0.43675 0.94675 -1.00000
0.71627 0.09325 0.41299 0.15275 -1.00000
0.98346 0.27204 0.56077 0.80527 -1.00000
0.67459 0.25989 0.35233 0.66415 -1.00000
0.28554 0.59587 0.38436 0.28607 -1.00000
0.67183 0.75838 0.67021 0.63252 -1.00000
0.71798 0.02111 0.23166 0.41602 -1.00000
0.52808 0.22460 0.61634 0.43463 -1.00000
0.07710 0.50003 0.57186 0.04468 -1.00000
0.50355 0.83200 0.73368 0.93039 -1.00000
0.50264 0.90572 0.60291 0.34548 -1.00000
0.36701 0.49965 0.03234 0.75605 -1.00000
0.49445 0.29939 0.98319 0.92935 -1.00000
0.97891 0.32091 0.21079 0.92989 -1.00000
0.96150 0.34987 0.78195 0.38609 -1.00000
0.94071 0.25269 0.08726 0.12258 -1.00000
0.37692 0.92896 0.71055 0.95053 -1.00000
0.33065 0.90608 0.51943 0.82422 -1.00000
0.79102 0.41224 0.88610 0.53272 -1.00000
0.72975 0.60106 0.07738 0.58304 -1.00000
0.97722 0.15876 0.88149 0.37280 -1.00000
0.92982 0.23267 0.76175 0.11370 -1.00000
0.61387 0.72879 0.14378 0.62844 -1.00000
0.69473 0.82310 0.06109 0.12773 -1.00000
0.12163 0.61870 0.37338 0.45501 -1.00000
0.18348 0.99399 0.00011 0.02017 -1.00000
0.83993 0.81081 0.16785 0.43737 -1.00000
0.04021 0.52800 0.01956 0.45334 -1.00000
0.46357 0.69759 0.35032 0.54346 -1.00000
0.88478 0.69150 0.22597 0.43450 -1.00000
0.40388 0.79036 0.79071 0.20335 -1.00000
0.69392 0.36394 0.68701 0.14254 -1.00000
0.79866 0.12588 0.28787 0.15228 -1.00000
0.18261 0.56937 0.12741 0.34106 -1.00000
0.27810 0.20355 0.01009 0.68018 -1.00000
0.86046 0.00797 0.82374 0.76410 -1.00000
0.33643 0.50830 0.11120 0.99693 -1.00000
0.43637 0.27394 0.19541 0.53785 -1.00000
0.12338 0.95388 0.90684 0.25237 -1.00000
0.28925 0.36372 0.47038 0.46779 -1.00000
0.95151 0.75969 0.06351 0.99999 -1.00000
0.71446 0.85388 0.32983 0.35707 -1.00000
0.79859 0.01625 0.63366 0.03017 -1.00000
0.17503 0.12362 0.47922 0.98730 -1.00000
0.52912 0.65200 0.89975 0.60066 -1.00000
0.52301 0.23428 0.00775 0.19245 -1.00000
0.26368 0.49962 0.42409 0.09886 -1.00000
0.13106 0.13352 0.11668 0.36840 -1.00000
0.93716 0.05142 0.46386 0.14268 -1.00000
0.64520 0.95039 0.93636 0.38438 -1.00000
0.05879 0.72666 0.58388 0.56906 -1.00000
0.89881 0.89210 0.17012 0.11824 -1.00000
0.18738 0.78682 0.48569 0.13107 -1.00000
0.34593 0.83361 0.17207 0.18887 -1.00000
0.62728 0.75974 0.77096 0.07763 -1.00000
0.12848 0.04949 0.26484 0.82155 -1.00000
0.40919 0.62395 0.72693 0.26112 -1.00000
0.56558 0.59856 0.61823 0.04695 -1.00000
0.00451 0.35853 0.57525 0.01462 -1.00000
0.26927 0.16805 0.80612 0.40634 -1.00000
0.03008 0.06498 0.05493 0.90614 -1.00000
0.15638 0.23749 0.39592 0.90887 -1.00000
0.30845 0.89329 0.54595 0.44211 -1.00000
0.38709 0.94244 0.61875 0.98074 -1.00000
0.15199 0.69584 0.63136 0.76713 -1.00000
0.36844 0.73662 0.06989 0.11738 -1.00000
0.42314 0.81596 0.67250 0.88560 -1.00000
0.16735 0.52951 0.97668 0.75299 -1.00000
0.65791 0.86045 0.10504 0.19780 -1.00000
0.14715 0.84482 0.60480 0.46544 -1.00000
0.42377 0.28031 0.43749 0.50180 -1.00000
0.09950 0.90029 0.68612 0.18087 -1.00000
0.02244 0.07296 0.88992 0.31849 -1.00000
0.92184 0.40016 0.78423 0.23528 -1.00000
0.51373 0.15759 0.61474 0.35815 -1.00000
0.40830 0.06829 0.03538 0.31655 -1.00000
0.40611 0.20629 0.54437 0.62352 -1.00000
0.85449 0.38755 0.80934 0.30382 -1.00000
0.23743 0.31522 0.07761 0.11489 -1.00000
0.16621 0.65578 0.44274 0.09153 -1.00000
0.19833 0.47499 0.90450 0.16889 -1.00000
0.10097 0.05318 0.59186 0.29212 -1.00000
0.23681 0.99876 0.79036 0.88588 -1.00000
0.02806 0.73586 0.50755 0.38794 -1.00000
0.11190 0.99837 0.95267 0.42735 -1.00000
0.59683 0.04591 0.80528 0.76968 -1.00000
0.45592 0.56850 0.09098 0.83675 -1.00000
0.25582 0.09818 0.98128 0.72292 -1.00000
0.73624 0.28484 0.13296 0.77884 -1.00000
0.99598 0.49516 0.98494 0.78396 -1.00000
0.68103 0.61243 0.33312 0.89552 -1.00000
0.28594 0.09596 0.68824 0.41174 -1.00000
0.03713 0.97680 0.66019 0.20228 -1.00000
0.43385 0.13551 0.17773 0.69398 -1.00000
0.09029 0.96195 0.06878 0.95651 -1.00000
0.41261 0.23224 0.20038 0.97654 -1.00000
0.49254 0.62771 0.76741 0.53062 -1.00000
0.86599 0.45287 0.10165 0.44059 -1.00000
0.91118 0.55738 0.04976 0.80294 -1.00000
0.99023 0.90696 0.74844 0.59664 -1.00000
0.31568 0.24571 0.01285 0.06414 -1.00000
0.77029 0.01906 0.37401 0.35367 -1.00000
0.13779 0.00572 0.88035 0.65211 -1.00000
0.17486 0.28479 0.00170 0.81662 -1.00000
0.08428 0.82488 0.51215 0.27200 -1.00000
0.32967 0.15857 0.70150 0.41156 -1.00000
0.80405 0.94681 0.23211 0.49097 -1.00000
0.09158 0.75206 0.74181 0.89257 -1.00000
0.64641 0.90692 0.08841 0.25582 -1.00000
0.85884 0.99278 0.61755 0.95959 -1.00000
0.92741 0.50806 0.54470 0.78659 -1.00000
0.62777 0.02738 0.97993 0.42484 -1.00000
0.97267 0.69176 0.85681 0.47416 -1.00000
0.92861 0.33882 0.39595 0.61484 -1.00000
0.91953 0.73455 0.26612 0.82454 -1.00000
0.31417 0.75003 0.38911 0.66176 -1.00000
0.34653 0.45927 0.98119 0.09522 -1.00000
0.71505 0.41801 0.42417 0.05339 -1.00000
0.48764 0.32150 0.59535 0.22292 -1.00000
0.71873 0.16799 0.78935 0.02282 -1.00000
0.63241 0.51375 0.44033 0.68860 -1.00000
0.20545 0.31590 0.06262 0.08134 -1.00000
0.19935 0.92276 0.02388 0.31744 -1.00000
0.04901 0.61261 0.10317 0.11403 -1.00000
0.18866 0.84803 0.95647 0.98331 -1.00000
0.73839 0.39523 0.20695 0.52465 -1.00000
0.14668 0.36157 0.28345 0.79408 -1.00000
0.96347 0.58866 0.61502 0.84013 -1.00000
0.63367 0.34755 0.02218 0.65846 -1.00000
0.64556 0.99279 0.87324 0.45381 -1.00000
0.85121 0.10908 0.78401 0.17898 -1.00000
0.09711 0.52843 0.23371 0.54944 -1.00000
0.94140 0.15288 0.03539 0.47794 -1.00000
0.74129 0.99279 0.14723 0.51803 -1.00000
0.86166 0.68595 0.42397 0.73574 -1.00000
0.77579 0.74643 0.31141 0.03405 -1.00000
0.20385 0.15277 0.63590 0.80201 -1.00000
0.91608 0.92369 0.65816 0.74877 -1.00000
0.28546 0.27146 0.04101 0.87256 -1.00000
0.09881 0.73568 0.56611 0.04295 -1.00000
0.56098 0.97246 0.86141 0.89850 -1.00000
0.18290 0.02420 0.19028 0.09954 -1.00000
0.37691 0.56801 0.78464 0.04369 -1.00000
0.63597 0.46265 0.28000 0.46887 -1.00000
0.17157 0.64691 0.65875 0.83282 -1.00000
0.37095 0.62570 0.24066 0.44062 -1.00000
0.49495 0.99017 0.94695 0.94784 -1.00000
0.63616 0.08402 0.09867 0.14203 -1.00000
0.95256 0.92154 0.24045 0.48079 -1.00000
0.12965 0.65502 0.40347 0.14899 -1.00000
0.14854 0.24667 0.51117 0.89249 -1.00000
0.46046 0.34535 0.27878 0.60510 -1.00000
0.31505 0.71042 0.70129 0.85798 -1.00000
0.51625 0.94989 0.62934 0.55918 -1.00000
0.26245 0.65045 0.61528 0.18014 -1.00000
0.94793 0.94490 0.36335 0.34343 -1.00000
0.45794 0.48225 0.32656 0.79111 -1.00000
0.46223 0.36469 0.87305 0.70619 -1.00000
0.98976 0.18658 0.05992 0.63178 -1.00000
0.10478 0.11336 0.37406 0.18465 -1.00000
0.59955 0.58106 0.80178 0.31675 -1.00000
0.37997 0.26934 0.21889 0.00209 -1.00000
0.99066 0.60150 0.14835 0.24557 -1.00000
0.87413 0.22572 0.86222 0.84126 -1.00000
0.73456 0.04658 0.84860 0.32274 -1.00000
0.01187 0.06105 0.43624 0.16005 -1.00000
0.57699 0.86111 0.10070 0.79737 -1.00000
0.10584 0.02531 0.57957 0.66821 -1.00000
0.78966 0.55197 0.14347 0.93540 -1.00000
0.50013 0.71650 0.13354 0.02097 -1.00000
0.74005 0.33338 0.91004 0.29158 -1.00000
0.46818 0.54763 0.49981 0.12898 -1.00000
0.39287 0.38094 0.17026 0.64462 -1.00000
0.50276 0.98205 0.98689 0.20286 -1.00000
0.42779 0.20933 0.14811 0.69690 -1.00000
0.69225 0.71571 0.66163 0.68222 -1.00000
0.71161 0.81714 0.68644 0.28909 -1.00000
0.57148 0.88451 0.97216 0.61362 -1.00000
0.10923 0.25012 0.15412 0.29697 -1.00000
0.78249 0.19235 0.40081 0.55243 -1.00000
0.87069 0.68127 0.47930 0.66419 -1.00000
0.60358 0.95533 0.63559 0.07184 -1.00000
0.35168 0.57483 0.89237 0.92460 -1.00000
0.13915 0.31988 0.10890 0.46234 -1.00000
0.76201 0.02553 0.91370 0.61142 -1.00000
0.41008 0.63187 0.61067 0.04371 -1.00000
0.32958 0.46828 0.06603 0.09361 -1.00000
0.09587 0.78711 0.16200 0.31303 -1.00000
0.13442 0.21857 0.97027 0.24264 -1.00000
0.09689 0.60198 0.76155 0.64644 -1.00000
0.44293 0.98533 0.79985 0.53941 -1.00000
0.66377 0.66534 0.77657 0.36624 -1.00000
0.77984 0.98583 0.38939 0.40683 -1.00000
0.71045 0.85166 0.60169 0.38678 -1.00000
0.75054 0.67169 0.10397 0.97816 -1.00000
0.92594 0.15151 0.46318 0.82447 -1.00000
0.94832 0.28083 0.76540 0.05979 -1.00000
0.11187 0.63613 0.10990 0.95896 -1.00000
0.82210 0.09803 0.34089 0.83821 -1.00000
0.63881 0.29029 0.29920 0.31832 -1.00000
0.64579 0.37260 0.75932 0.00028 -1.00000
0.65740 0.17876 0.44745 0.64948 -1.00000
0.67555 0.65356 0.62984 0.08581 -1.00000
0.77882 0.30057 0.53919 0.69415 -1.00000
0.09775 0.95217 0.24458 0.44168 -1.00000
0.29181 0.81430 0.30178 0.48133 -1.00000
0.12233 0.76764 0.68873 0.06048 -1.00000
0.35774 0.48498 0.78858 0.75768 -1.00000
0.50669 0.53335 0.21455 0.67948 -1.00000
0.78801 0.27428 0.33417 0.37953 -1.00000
0.44433 0.70864 0.78662 0.78878 -1.00000
0.91983 0.43095 0.79023 0.87812 -1.00000
0.61980 0.59035 0.53516 0.73126 -1.00000
0.87135 0.70078 0.98283 0.73846 -1.00000
0.85104 0.21948 0.98780 0.11711 -1.00000
0.14955 0.29853 0.24866 0.74598 -1.00000
0.72326 0.90561 0.92770 0.64861 -1.00000
0.93666 0.17964 0.56738 0.66781 -1.00000
0.47128 0.90370 0.92675 0.54818 -1.00000
0.38724 0.65457 0.76170 0.20817 -1.00000
0.27460 0.42347 0.98942 0.80412 -1.00000
0.19089 0.88388 0.98571 0.52286 -1.00000
0.26755 0.13788 0.12502 0.17682 -1.00000
0.83678 0.93450 0.10604 0.15920 -1.00000
0.79352 0.89268 0.72987 0.24194 -1.00000
0.28854 0.71379 0.45006 0.37943 -1.00000
0.96547 0.41778 0.75436 0.04650 -1.00000
0.83726 0.97730 0.08277 0.92324 -1.00000
0.96099 0.17977 0.57283 0.76267 -1.00000
0.38338 0.59026 0.47508 0.22037 -1.00000
0.79572 0.51214 0.48635 0.91293 -1.00000
0.92797 0.55687 0.45976 0.60796 -1.00000
0.09673 0.99303 0.09907 0.07969 -1.00000
0.18978 0.27026 0.26417 0.27738 -1.00000
0.81258 0.01760 0.44536 0.13153 -1.00000
0.61250 0.49880 0.41435 0.30916 -1.00000
0.18778 0.02438 0.59858 0.15547 -1.00000
0.11185 0.47151 0.31067 0.14873 -1.00000
0.74021 0.85701 0.17532 0.74757 -1.00000
0.05094 0.96267 0.93168 0.69575 -1.00000
0.44003 0.10876 0.52864 0.05289 -1.00000
0.60816 0.92286 0.62613 0.88808 -1.00000
0.11258 0.58874 0.98692 0.70012 -1.00000
0.85482 0.47245 0.29501 0.17148 1.00000
0.50292 0.28292 0.96933 0.53455 -1.00000
0.44710 0.27978 0.39245 0.37643 -1.00000
0.81632 0.23184 0.17526 0.18739 1.00000
0.74669 0.81808 0.48727 0.78058 -1.00000
0.86161 0.79145 0.31997 0.05706 -1.00000
0.25369 0.96372 0.66298 0.14990 -1.00000
0.52986 0.58142 0.49184 0.46419 -1.00000
0.70678 0.58362 0.53541 0.35504 -1.00000
0.34685 0.22828 0.22230 0.18366 -1.00000
0.89022 0.34138 0.46945 0.63333 -1.00000
0.59476 0.77978 0.72987 0.65314 -1.00000
0.01452 0.29710 0.03409 0.07053 -1.00000
0.96407 0.46001 0.21802 0.09690 -1.00000
0.47028 0.70945 0.82144 0.29262 -1.00000
0.57305 0.35550 0.58266 0.08308 -1.00000
0.12963 0.64012 0.38039 0.53735 -1.00000
0.43117 0.67376 0.66452 0.60144 -1.00000
0.98746 0.91265 0.98248 0.49518 -1.00000
0.26489 0.66095 0.88535 0.12104 -1.00000
0.00417 0.99509 0.85018 0.13292 -1.00000
0.72959 0.96995 0.38324 0.10219 -1.00000
0.40123 0.87203 0.58325 0.53309 -1.00000
0.89395 0.11079 0.70885 0.46494 -1.00000
0.24711 0.99379 0.24238 0.86503 -1.00000
0.67701 0.72904 0.75428 0.87357 -1.00000
0.75490 0.96990 0.59583 0.54707 -1.00000
0.72216 0.62118 0.25605 0.81403 -1.00000
0.96782 0.82901 0.03748 0.51641 -1.00000
0.77373 0.27568 0.60897 0.01023 -1.00000
0.52530 0.59137 0.62072 0.24648 -1.00000
0.09800 0.15844 0.23255 0.58540 -1.00000
0.08750 0.03194 0.83004 0.98832 -1.00000
0.38821 0.83174 0.57536 0.37690 -1.00000
0.64332 0.93182 0.81910 0.58872 -1.00000
0.88502 0.26576 0.66882 0.05359 -1.00000
0.16438 0.68234 0.98589 0.33606 -1.00000
0.35239 0.44046 0.82366 0.80583 -1.00000
0.06479 0.89320 0.44175 0.86798 -1.00000
0.93043 0.17233 0.32776 0.49838 -1.00000
0.75378 0.06906 0.12961 0.87585 -1.00000
0.47336 0.40802 0.10296 0.45943 -1.00000
0.46960 0.10398 0.10372 0.09258 -1.00000
0.74474 0.77780 0.66440 0.18225 -1.00000
0.92315 0.19203 0.37101 0.02838 -1.00000
0.92631 0.01462 0.83074 0.79045 -1.00000
0.01639 0.40828 0.98924 0.56667 -1.00000
0.84178 0.70232 0.94210 0.33454 -1.00000
0.06856 0.17788 0.09845 0.99292 -1.00000
0.56962 0.68543 0.08615 0.35275 -1.00000
0.87511 0.29802 0.64653 0.12549 -1.00000
0.71921 0.42888 0.00070 0.75598 -1.00000
0.19391 0.58888 0.85496 0.20559 -1.00000
0.25420 0.93530 0.91383 0.89074 -1.00000
0.81718 0.66808 0.04279 0.33026 -1.00000
0.60008 0.22149 0.49549 0.97815 -1.00000
0.82500 0.56385 0.00917 0.34589 -1.00000
0.12479 0.46951 0.39487 0.16477 -1.00000
0.12722 0.79978 0.68201 0.80230 -1.00000
0.85877 0.27004 0.28004 0.78879 -1.00000
0.02384 0.01707 0.64263 0.83450 -1.00000
0.96138 0.85408 0.03245 0.14918 -1.00000
0.74670 0.40133 0.44428 0.63440 -1.00000
0.82118 0.40034 0.52728 0.31508 -1.00000
0.31946 0.16369 0.86065 0.87043 -1.00000
0.43624 0.92752 0.29601 0.48465 -1.00000
0.04017 0.72995 0.64427 0.06805 -1.00000
0.70295 0.34949 0.34710 0.31544 -1.00000
0.11405 0.31307 0.02132 0.97393 -1.00000
0.43779 0.69805 0.29445 0.32190 -1.00000
0.25260 0.22288 0.09646 0.76992 -1.00000
0.72838 0.92415 0.05204 0.01158 -1.00000
0.96201 0.45984 0.62695 0.78984 -1.00000
0.81290 0.25522 0.80314 0.82351 -1.00000
0.94117 0.14782 0.52092 0.21013 -1.00000
0.02771 0.15024 0.09639 0.92569 -1.00000
0.02514 0.75674 0.93479 0.26327 -1.00000
0.78663 0.35104 0.87812 0.75642 -1.00000
0.96580 0.81666 0.33242 0.66959 -1.00000
0.87085 0.13939 0.58044 0.60138 -1.00000
0.56838 0.67577 0.12840 0.69354 -1.00000
0.76890 0.31556 0.40484 0.82710 -1.00000
0.79546 0.97659 0.87502 0.55252 -1.00000
0.72514 0.98489 0.14251 0.02815 -1.00000
0.08083 0.22923 0.93334 0.07707 -1.00000
0.69878 0.82362 0.99748 0.55894 -1.00000
0.25013 0.61066 0.50931 0.88167 -1.00000
0.57691 0.59064 0.56621 0.81572 -1.00000
0.33734 0.40620 0.86033 0.99485 -1.00000
0.06720 0.62525 0.73375 0.11243 -1.00000
0.22047 0.19304 0.92767 0.98407 -1.00000
0.90383 0.23700 0.32542 0.58386 -1.00000
0.12773 0.81036 0.07513 0.21874 -1.00000
0.64841 0.25713 0.04974 0.03015 -1.00000
0.20960 0.37732 0.91586 0.50931 -1.00000
0.11424 0.14155 0.10282 0.67053 -1.00000
0.29114 0.96755 0.19272 0.35632 -1.00000
0.90698 0.35501 0.67882 0.68524 -1.00000
0.83010 0.84308 0.34919 0.25740 -1.00000
0.08675 0.59699 0.24137 0.41365 -1.00000
0.60850 0.41706 0.23367 0.82365 -1.00000
0.45623 0.91860 0.15027 0.83643 -1.00000
0.20471 0.22841 0.58846 0.60801 -1.00000
0.78744 0.16816 0.05113 0.84331 -1.00000
0.79750 0.70753 0.82595 0.76163 -1.00000
0.23396 0.17950 0.65159 0.72713 -1.00000
0.64265 0.93610 0.28740 0.45496 -1.00000
0.00961 0.01067 0.88733 0.90928 -1.00000
0.32939 0.55176 0.94857 0.53350 -1.00000
0.51403 0.98090 0.41365 0.40389 -1.00000
0.72021 0.89314 0.67557 0.12199 -1.00000
0.64644 0.65822 0.15597 0.42579 -1.00000
0.27196 0.20337 0.76351 0.56254 -1.00000
0.94401 0.38249 0.80622 0.81522 -1.00000
0.40780 0.03007 0.81290 0.63908 -1.00000
0.94925 0.88590 0.28938 0.86174 -1.00000
0.45950 0.25240 0.20604 0.96482 -1.00000
0.86171 0.27464 0.57734 0.64007 -1.00000
0.20813 0.43503 0.57046 0.04507 -1.00000
0.44099 0.56427 0.05195 0.72624 -1.00000
0.27645 0.75462 0.21449 0.98071 -1.00000
0.90324 0.64151 0.59120 0.29809 -1.00000
0.96818 0.47141 0.06267 0.10905 -1.00000
0.42189 0.44352 0.52389 0.22595 -1.00000
0.76227 0.24152 0.48841 0.35197 -1.00000
0.32787 0.17139 0.55966 0.70073 -1.00000
0.54245 0.30702 0.77020 0.70387 -1.00000
0.63018 0.38314 0.54743 0.39564 -1.00000
0.34278 0.89448 0.32524 0.29226 -1.00000
0.01653 0.89219 0.11599 0.87816 -1.00000
0.56241 0.86829 0.37831 0.51083 -1.00000
0.32838 0.06824 0.39411 0.23712 -1.00000
0.91563 0.74455 0.09750 0.15402 -1.00000
0.06081 0.07050 0.51280 0.04891 -1.00000
0.96836 0.91466 0.87639 0.16029 -1.00000
0.07094 0.23756 0.64619 0.11826 -1.00000
0.96722 0.72816 0.27655 0.54044 -1.00000
0.21867 0.96943 0.29838 0.47668 -1.00000
0.02182 0.59030 0.45257 0.74423 -1.00000
0.43312 0.79262 0.67196 0.35388 -1.00000
0.76991 0.61087 0.10252 0.71280 -1.00000
0.65212 0.26875 0.18060 0.27000 -1.00000
0.71306 0.40755 0.55341 0.90581 -1.00000
0.78838 0.35980 0.71984 0.99624 -1.00000
0.93232 0.77045 0.40322 0.73288 -1.00000
0.46310 0.00796 0.17719 0.31872 -1.00000
0.02198 0.21402 0.14659 0.96215 -1.00000
0.91598 0.04869 0.09417 0.07250 -1.00000
0.65565 0.01356 0.58693 0.37876 -1.00000
0.55517 0.81127 0.63773 0.61910 -1.00000
0.61718 0.80884 0.85228 0.85722 -1.00000
0.09818 0.12538 0.39482 0.17366 -1.00000
0.84294 0.52584 0.50236 0.86195 -1.00000
0.94786 0.11072 0.97552 0.05220 -1.00000
0.98773 0.93930 0.78641 0.90271 -1.00000
0.30181 0.34038 0.82799 0.11330 -1.00000
0.61681 0.32015 0.30692 0.97641 -1.00000
0.46404 0.06246 0.74161 0.03601 -1.00000
0.67519 0.44313 0.72578 0.18378 -1.00000
0.03304 0.79754 0.52878 0.28777 -1.00000
0.78740 0.80561 0.14466 0.35480 -1.00000
0.71380 0.43358 0.92355 0.61175 -1.00000
0.73434 0.53535 0.56439 0.25502 -1.00000
0.26342 0.98855 0.86112 0.78051 -1.00000
0.19738 0.16262 0.09337 0.58680 -1.00000
0.09344 0.88915 0.97656 0.29261 -1.00000
0.18292 0.06730 0.81955 0.46613 -1.00000
0.22716 0.43170 0.73159 0.17160 -1.00000
0.73605 0.71072 0.36821 0.36026 -1.00000
0.53883 0.68811 0.67925 0.21441 -1.00000
0.40934 0.52328 0.85615 0.65209 -1.00000
0.23826 0.95307 0.26721 0.17277 -1.00000
0.68013 0.82885 0.40730 0.34601 -1.00000
0.51827 0.07197 0.01192 0.98541 -1.00000
0.91494 0.67700 0.76641 0.39659 -1.00000
0.79713 0.24819 0.14185 0.16651 1.00000
0.80700 0.25334 0.38701 0.19670 1.00000
0.78186 0.32357 0.42894 0.15328 1.00000
0.74819 0.30254 0.26486 0.17918 1.00000
0.85261 0.55904 0.48694 0.17991 1.00000
0.92985 0.35363 0.33489 0.18558 1.00000
0.79237 0.36135 0.36567 0.15103 1.00000
0.92854 0.26429 0.42602 0.14661 1.00000
0.92815 0.34683 0.18608 0.14685 1.00000
0.85799 0.34442 0.38661 0.16649 1.00000
0.80441 0.28374 0.18331 0.18091 1.00000
0.88985 0.49559 0.28789 0.18292 1.00000
0.77090 0.34733 0.24388 0.16027 1.00000
0.84795 0.36411 0.46477 0.18851 1.00000
0.79966 0.32733 0.37624 0.18000 1.00000
0.88031 0.54788 0.29845 0.14680 1.00000
0.86419 0.28483 0.18318 0.17566 1.00000
0.84001 0.31358 0.12960 0.14015 1.00000
0.81055 0.42608 0.26374 0.18082 1.00000
0.82480 0.28313 0.21534 0.14721 1.00000
0.87956 0.43164 0.43428 0.17374 1.00000
0.79009 0.25497 0.10972 0.18557 1.00000
0.77863 0.41679 0.25322 0.16346 1.00000
0.76633 0.41916 0.27714 0.14531 1.00000
0.75791 0.52396 0.20231 0.16079 1.00000
0.89828 0.40362 0.15979 0.16367 1.00000
0.82405 0.24618 0.22660 0.18376 1.00000
0.88853 0.48256 0.36852 0.16222 1.00000
0.73671 0.55754 0.36694 0.19776 1.00000
0.78261 0.41769 0.32979 0.14354 1.00000
0.74593 0.56201 0.47137 0.19728 1.00000
0.88343 0.27825 0.31198 0.19813 1.00000
0.75980 0.56964 0.20729 0.18994 1.00000
0.74957 0.42403 0.45572 0.19630 1.00000
0.75142 0.42907 0.21681 0.14449 1.00000
0.82242 0.57545 0.13402 0.15385 1.00000
0.92172 0.26772 0.16403 0.18742 1.00000
0.86024 0.46535 0.24749 0.16203 1.00000
0.86866 0.50435 0.38660 0.17455 1.00000
0.88453 0.33643 0.37807 0.16100 1.00000
0.90495 0.38784 0.35390 0.18005 1.00000
0.76907 0.32605 0.15569 0.15359 1.00000
0.82132 0.38403 0.25819 0.19863 1.00000
0.78974 0.56729 0.48339 0.16086 1.00000
0.88028 0.36805 0.22601 0.18874 1.00000
0.83029 0.49594 0.35938 0.14403 1.00000
0.87868 0.31535 0.33872 0.16229 1.00000
0.73262 0.27334 0.46231 0.16990 1.00000
0.86643 0.49692 0.21476 0.19927 1.00000
0.79400 0.46900 0.43770 0.18811 1.00000
0.77440 0.31499 0.29850 0.15399 1.00000
0.86407 0.36929 0.45450 0.14173 1.00000
0.87903 0.33834 0.39945 0.17494 1.00000
0.87441 0.42858 0.49578 0.15253 1.00000
0.73286 0.51050 0.35984 0.18837 1.00000
0.83101 0.51426 0.46473 0.15015 1.00000
0.82792 0.37006 0.14796 0.15249 1.00000
0.87039 0.28153 0.28058 0.17114 1.00000
0.85028 0.38465 0.42855 0.14860 1.00000
0.74438 0.35739 0.46070 0.14341 1.00000
0.91746 0.38732 0.23542 0.16380 1.00000
0.73837 0.56197 0.48111 0.17051 1.00000
0.84467 0.35736 0.42123 0.19705 1.00000
0.92080 0.49558 0.30916 0.17077 1.00000
0.92046 0.25426 0.41790 0.15659 1.00000
0.73628 0.42263 0.14305 0.18686 1.00000
0.89735 0.23187 0.26385 0.15879 1.00000
0.75151 0.30808 0.37145 0.16656 1.00000
0.74801 0.39588 0.35353 0.17026 1.00000
0.91649 0.36846 0.16079 0.19033 1.00000
0.90108 0.24333 0.24418 0.16604 1.00000
0.80898 0.33170 0.47822 0.14358 1.00000
0.90689 0.31306 0.42328 0.16176 1.00000
0.76158 0.50601 0.21100 0.16026 1.00000
0.89057 0.45844 0.29262 0.15549 1.00000
0.87741 0.27136 0.15714 0.15565 1.00000
0.92552 0.56510 0.48095 0.15342 1.00000
0.85170 0.26582 0.35829 0.18345 1.00000
0.74442 0.42941 0.19913 0.15752 1.00000
0.88626 0.25886 0.49531 0.15616 1.00000
0.84728 0.57227 0.10895 0.16948 1.00000
0.92394 0.23271 0.19268 0.15112 1.00000
0.81104 0.47969 0.36634 0.18390 1.00000
0.73195 0.43838 0.34000 0.19082 1.00000
0.87206 0.41574 0.17535 0.14395 1.00000
0.76682 0.34503 0.13567 0.17170 1.00000
0.91353 0.27104 0.28464 0.18377 1.00000
0.79805 0.25579 0.40700 0.17337 1.00000
0.84784 0.56831 0.41879 0.17506 1.00000
0.84327 0.38222 0.18506 0.19973 1.00000
0.85724 0.55390 0.25058 0.16479 1.00000
0.76140 0.47993 0.18154 0.15069 1.00000
0.74337 0.34672 0.47649 0.19193 1.00000
0.73811 0.35040 0.15772 0.15377 1.00000
0.91086 0.55503 0.18966 0.18385 1.00000
0.84056 0.42653 0.14318 0.15399 1.00000
0.80731 0.23830 0.31412 0.16774 1.00000
0.82900 0.39737 0.36775 0.14885 1.00000
0.85508 0.37626 0.32422 0.16471 1.00000
0.88152 0.37286 0.31122 0.14063 1.00000
0.75555 0.29858 0.48820 0.15889 1.00000
0.79707 0.32724 0.25725 0.18314 1.00000
0.85230 0.45636 0.33035 0.14965 1.00000
0.79537 0.24276 0.32670 0.16557 1.00000
0.91693 0.26037 0.10200 0.19272 1.00000
0.92793 0.33687 0.43931 0.14052 1.00000
0.91957 0.41309 0.44150 0.14545 1.00000
0.91902 0.25260 0.13445 0.19466 1.00000
0.88575 0.31441 0.17830 0.14732 1.00000
0.86589 0.50136 0.23127 0.17701 1.00000
0.82571 0.29862 0.41760 0.16528 1.00000
0.81481 0.44453 0.42365 0.14622 1.00000
0.84321 0.45096 0.20802 0.14033 1.00000
0.85121 0.37632 0.21263 0.14311 1.00000
0.82208 0.31440 0.25722 0.15822 1.00000
0.86250 0.36151 0.40945 0.19041 1.00000
0.77781 0.33100 0.45452 0.15078 1.00000
0.88476 0.38404 0.26988 0.14677 1.00000
0.78993 0.23991 0.40170 0.14816 1.00000
0.92812 0.39632 0.12231 0.19204 1.00000
0.84767 0.30530 0.19123 0.16327 1.00000
0.89114 0.29609 0.13297 0.19158 1.00000
0.87791 0.34056 0.15200 0.16921 1.00000
0.77654 0.43586 0.35086 0.14460 1.00000
0.74989 0.55763 0.34112 0.18994 1.00000
0.75459 0.32523 0.26075 0.14386 1.00000
0.92919 0.44988 0.45731 0.14809 1.00000
0.81039 0.34709 0.12346 0.17246 1.00000
0.89012 0.36911 0.38485 0.17230 1.00000
0.87433 0.52727 0.36737 0.16884 1.00000
0.75099 0.55934 0.33883 0.15941 1.00000
0.83946 0.32062 0.43190 0.19760 1.00000
0.83284 0.40792 0.39660 0.16991 1.00000
0.82675 0.33915 0.15308 0.19135 1.00000
0.85768 0.55195 0.49242 0.18772 1.00000
0.87744 0.44212 0.31270 0.18766 1.00000
0.88767 0.29855 0.12060 0.17649 1.00000
0.83692 0.44402 0.18306 0.15797 1.00000
0.74383 0.37428 0.30100 0.18401 1.00000
0.84338 0.36044 0.47294 0.19731 1.00000
0.84338 0.55405 0.31489 0.19186 1.00000
0.80987 0.36379 0.32846 0.19987 1.00000
0.91423 0.47153 0.22565 0.14283 1.00000
0.92471 0.33503 0.32618 0.16991 1.00000
0.88734 0.38515 0.14191 0.16539 1.00000
0.89901 0.42385 0.49044 0.18090 1.00000
0.80473 0.55223 0.15817 0.19049 1.00000
0.85514 0.32094 0.39363 0.15993 1.00000
0.77852 0.30601 0.48099 0.14231 1.00000
0.79524 0.41101 0.36204 0.15893 1.00000
0.84492 0.23477 0.33447 0.16454 1.00000
0.75926 0.48229 0.16749 0.18968 1.00000
0.84107 0.54753 0.31298 0.19217 1.00000
0.89782 0.56691 0.20012 0.19523 1.00000
0.91584 0.28602 0.24576 0.18443 1.00000
0.92105 0.53877 0.41501 0.19695 1.00000
0.86849 0.25822 0.43468 0.15902 1.00000
0.81646 0.48909 0.33036 0.16141 1.00000
0.89203 0.44816 0.42793 0.17496 1.00000
0.81017 0.43357 0.41300 0.17699 1.00000
0.83086 0.34549 0.36144 0.19867 1.00000
0.90985 0.54687 0.28885 0.17046 1.00000
0.89851 0.47521 0.22888 0.14786 1.00000
0.82112 0.46246 0.28530 0.18585 1.00000
0.80633 0.29183 0.10009 0.15350 1.00000
0.87388 0.45493 0.34927 0.19351 1.00000
0.88990 0.32053 0.47851 0.14581 1.00000
0.74056 0.33190 0.18982 0.17013 1.00000
0.81876 0.35925 0.31735 0.14538 1.00000
0.83072 0.23463 0.20865 0.16256 1.00000
0.76454 0.36241 0.20918 0.14408 1.00000
0.75666 0.47223 0.15449 0.16267 1.00000
0.78629 0.31168 0.15663 0.16383 1.00000
0.74163 0.49083 0.26254 0.16757 1.00000
0.75101 0.33426 0.24697 0.19513 1.00000
0.75436 0.52607 0.13097 0.15234 1.00000
0.83641 0.55154 0.19076 0.19189 1.00000
0.90398 0.53656 0.48925 0.18741 1.00000
0.82643 0.48144 0.31558 0.16508 1.00000
0.86695 0.45634 0.10779 0.16110 1.00000
0.73850 0.45107 0.15235 0.16816 1.00000
0.80624 0.31367 0.42723 0.14035 1.00000
0.74985 0.49918 0.45901 0.16091 1.00000
0.91907 0.40928 0.30066 0.18193 1.00000
0.87159 0.36839 0.20259 0.17567 1.00000
0.89559 0.50538 0.25132 0.15157 1.00000
0.85371 0.23983 0.44224 0.17887 1.00000
0.83208 0.28272 0.40447 0.16329 1.00000
0.76266 0.44242 0.25845 0.14157 1.00000
0.83887 0.40415 0.25135 0.19265 1.00000
0.86184 0.41679 0.36957 0.15306 1.00000
0.81392 0.51432 0.11303 0.19706 1.00000
0.92523 0.27714 0.26441 0.14080 1.00000
0.84353 0.57202 0.17685 0.14566 1.00000
0.84700 0.35181 0.35222 0.15972 1.00000
0.77072 0.51807 0.46267 0.16004 1.00000
0.88402 0.57651 0.29386 0.16614 1.00000
0.87352 0.41657 0.41404 0.18534 1.00000
0.81596 0.37917 0.18159 0.15998 1.00000
0.76653 0.38463 0.32724 0.14298 1.00000
0.87149 0.46575 0.28239 0.19155 1.00000
0.80955 0.39347 0.40083 0.15002 1.00000
0.82809 0.31609 0.12231 0.14468 1.00000
0.86060 0.52113 0.22106 0.15086 1.00000
0.87577 0.53417 0.34101 0.18221 1.00000
0.77461 0.46231 0.45173 0.15372 1.00000
0.75691 0.57658 0.11865 0.14639 1.00000
0.86825 0.45230 0.36943 0.17264 1.00000
0.84375 0.37748 0.18530 0.15814 1.00000
0.90694 0.37838 0.20837 0.15483 1.00000
0.90522 0.23126 0.17828 0.16254 1.00000
0.74693 0.54241 0.40275 0.17489 1.00000
0.81518 0.48797 0.17839 0.19287 1.00000
0.76340 0.28865 0.45000 0.19158 1.00000
0.88495 0.27001 0.24383 0.17180 1.00000
0.86841 0.26376 0.29682 0.14467 1.00000
0.83880 0.30544 0.25842 0.19557 1.00000
0.89620 0.55188 0.28597 0.15625 1.00000
0.73797 0.42731 0.17364 0.18692 1.00000
0.90416 0.37939 0.37950 0.14809 1.00000
0.88197 0.55659 0.20018 0.19941 1.00000
0.91287 0.30075 0.26595 0.17202 1.00000
0.76626 0.31117 0.21681 0.15562 1.00000
0.87153 0.53009 0.38918 0.14787 1.00000
0.92285 0.48585 0.21875 0.18124 1.00000
0.74731 0.51724 0.24315 0.14145 1.00000
0.83012 0.53762 0.31751 0.15030 1.00000
0.91847 0.49047 0.48318 0.15114 1.00000
0.78427 0.38486 0.44645 0.15995 1.00000
0.90817 0.41922 0.14387 0.17824 1.00000
0.86253 0.37115 0.27345 0.17894 1.00000
0.83107 0.37145 0.32079 0.14492 1.00000
0.80265 0.28138 0.11451 0.17496 1.00000
0.89920 0.32638 0.24094 0.17905 1.00000
0.88277 0.53369 0.17143 0.18162 1.00000
0.82273 0.41793 0.43248 0.15215 1.00000
0.77995 0.36561 0.18438 0.15047 1.00000
0.88042 0.45856 0.28189 0.17348 1.00000
0.84767 0.52110 0.36118 0.14411 1.00000
0.78021 0.40993 0.49764 0.18263 1.00000
0.84946 0.33398 0.32881 0.17476 1.00000
0.90089 0.23802 0.37726 0.18837 1.00000
0.92184 0.37036 0.39937 0.14531 1.00000
0.79191 0.57330 0.48056 0.14400 1.00000
0.75259 0.51411 0.42546 0.15709 1.00000
0.82881 0.27075 0.46864 0.15045 1.00000
0.74909 0.26388 0.15910 0.19254 1.00000
0.74701 0.52362 0.25550 0.16412 1.00000
0.92362 0.37131 0.22399 0.18130 1.00000
0.78257 0.25006 0.25413 0.16153 1.00000
0.81367 0.48668 0.27495 0.14233 1.00000
0.92927 0.52781 0.34457 0.16912 1.00000
0.89398 0.24914 0.46109 0.19387 1.00000
0.76731 0.50061 0.46992 0.14002 1.00000
0.84983 0.28458 0.43577 0.19372 1.00000
0.90186 0.42546 0.48052 0.15048 1.00000
0.83841 0.29751 0.45317 0.15324 1.00000
0.82630 0.47798 0.27118 0.19926 1.00000
0.92671 0.54693 0.37114 0.14191 1.00000
0.77690 0.51845 0.39091 0.18840 1.00000
0.74940 0.44958 0.35997 0.15284 1.00000
0.84013 0.23046 0.38290 0.16838 1.00000
0.89247 0.48228 0.41926 0.16718 1.00000
0.81295 0.31943 0.18483 0.16311 1.00000
0.77530 0.48091 0.16222 0.15347 1.00000
0.88964 0.50384 0.18458 0.15208 1.00000
0.91113 0.48426 0.24044 0.14325 1.00000
0.75580 0.53760 0.21981 0.18460 1.00000
0.90868 0.31031 0.12147 0.15371 1.00000
0.73445 0.40241 0.49161 0.16343 1.00000
0.83993 0.37329 0.10073 0.16521 1.00000
0.85377 0.28729 0.40720 0.19117 1.00000
0.74520 0.24190 0.18929 0.17514 1.00000
0.87532 0.40803 0.33063 0.16298 1.00000
0.76317 0.46416 0.29108 0.19320 1.00000
0.77487 0.34326 0.26599 0.15881 1.00000
0.88795 0.37495 0.30690 0.15952 1.00000
0.85437 0.25706 0.17301 0.19878 1.00000
0.74695 0.47921 0.14148 0.15634 1.00000
0.81447 0.50095 0.48729 0.19334 1.00000
0.73450 0.52396 0.26177 0.14348 1.00000
0.79173 0.41478 0.21893 0.15426 1.00000
0.90064 0.49703 0.46648 0.15308 1.00000
0.80337 0.38836 0.20918 0.14550 1.00000
0.88396 0.26701 0.17292 0.15607 1.00000
0.90538 0.36304 0.36995 0.15570 1.00000
0.77484 0.57017 0.34951 0.19987 1.00000
0.83587 0.49873 0.30907 0.15870 1.00000
0.73246 0.26465 0.34725 0.17527 1.00000
0.89844 0.24154 0.26232 0.15277 1.00000
0.87107 0.50608 0.44051 0.15900 1.00000
0.76342 0.27330 0.28550 0.15305 1.00000
0.78787 0.24120 0.18935 0.19710 1.00000
0.88926 0.28357 0.31213 0.16781 1.00000
0.87438 0.54719 0.11345 0.19543 1.00000
0.91925 0.40357 0.44108 0.19896 1.00000
0.83617 0.37564 0.32490 0.18098 1.00000
0.82799 0.44689 0.41992 0.19239 1.00000
0.91011 0.32875 0.43738 0.18857 1.00000
0.76497 0.34305 0.30891 0.16905 1.00000
0.85422 0.36260 0.24620 0.14878 1.00000
0.79850 0.35425 0.43704 0.17191 1.00000
0.74227 0.41303 0.11839 0.18071 1.00000
0.80349 0.34684 0.28618 0.18270 1.00000
0.92886 0.32519 0.42677 0.16177 1.00000
0.78203 0.43003 0.40887 0.17712 1.00000
0.73949 0.31582 0.40491 0.19697 1.00000
0.73719 0.28592 0.15709 0.16612 1.00000
0.89861 0.57728 0.22322 0.14415 1.00000
0.76427 0.56633 0.32890 0.14588 1.00000
0.83394 0.25088 0.23639 0.17261 1.00000
0.75882 0.25387 0.36849 0.19332 1.00000
0.92754 0.49248 0.10106 0.16945 1.00000
0.76373 0.29124 0.42865 0.19713 1.00000
0.90630 0.28774 0.21438 0.16195 1.00000
0.79194 0.45888 0.45251 0.17045 1.00000
0.74807 0.36723 0.20202 0.17160 1.00000
0.82409 0.53046 0.47171 0.14617 1.00000
0.78125 0.39465 0.14800 0.14302 1.00000
0.92198 0.57610 0.20621 0.17602 1.00000
0.88973 0.41730 0.46829 0.18279 1.00000
0.91750 0.41177 0.41657 0.15309 1.00000
0.89610 0.45841 0.31161 0.17504 1.00000
0.90760 0.36482 0.40783 0.16478 1.00000
0.81547 0.43829 0.45763 0.16497 1.00000
0.75203 0.54051 0.38665 0.15496 1.00000
0.74001 0.43173 0.26394 0.17362 1.00000
0.75964 0.46554 0.32169 0.16381 1.00000
0.82736 0.33441 0.21753 0.17553 1.00000
0.83431 0.27040 0.21384 0.18599 1.00000
0.92471 0.48730 0.40069 0.17672 1.00000
0.74757 0.38279 0.23738 0.19056 1.00000
0.78643 0.38228 0.20308 0.18392 1.00000
0.74001 0.42186 0.29790 0.14298 1.00000
0.86238 0.41123 0.11209 0.19769 1.00000
0.90590 0.45297 0.39618 0.16455 1.00000
0.75504 0.53170 0.38665 0.14756 1.00000
0.81279 0.33960 0.32447 0.18765 1.00000
0.88831 0.29800 0.45685 0.14158 1.00000
0.90425 0.44021 0.41243 0.16453 1.00000
0.84647 0.42673 0.40459 0.19178 1.00000
0.91903 0.48361 0.35954 0.16533 1.00000
0.84507 0.52937 0.11908 0.14686 1.00000
0.85208 0.33799 0.47902 0.14443 1.00000
0.74791 0.53425 0.18019 0.14266 1.00000
0.74320 0.32495 0.10583 0.16653 1.00000
0.86705 0.56255 0.14530 0.17110 1.00000
0.78129 0.50045 0.48820 0.14782 1.00000
0.77541 0.32849 0.12697 0.19456 1.00000
0.88239 0.27408 0.29527 0.19095 1.00000
0.89628 0.46926 0.28107 0.18135 1.00000
0.91759 0.54890 0.25114 0.19671 1.00000
0.81639 0.29836 0.37622 0.16596 1.00000
0.75586 0.53251 0.21760 0.19619 1.00000
0.75701 0.23676 0.49690 0.15642 1.00000
0.88938 0.52525 0.44324 0.16894 1.00000
0.86826 0.47572 0.48707 0.16150 1.00000
0.81855 0.57809 0.35228 0.18902 1.00000
0.87608 0.27456 0.34850 0.17492 1.00000
0.91894 0.44830 0.23368 0.14522 1.00000
0.85868 0.55903 0.41156 0.15843 1.00000
0.73816 0.51514 0.18421 0.16524 1.00000
0.86956 0.54944 0.44477 0.17453 1.00000
0.88167 0.30294 0.38976 0.19560 1.00000
0.79459 0.29381 0.42451 0.14932 1.00000
0.73901 0.56069 0.17149 0.17986 1.00000
0.89707 0.28819 0.37928 0.14814 1.00000
0.85129 0.43496 0.43347 0.15289 1.00000
0.91349 0.30645 0.22054 0.14440 1.00000
0.81934 0.55639 0.44314 0.16430 1.00000
0.80959 0.56439 0.37038 0.18144 1.00000
0.88545 0.24680 0.39563 0.18922 1.00000
0.83877 0.28294 0.42442 0.15436 1.00000
0.78015 0.51764 0.17592 0.19596 1.00000
0.87905 0.38878 0.32286 0.15183 1.00000
0.86279 0.57156 0.41815 0.16364 1.00000
0.90264 0.45801 0.44775 0.16977 1.00000
0.76352 0.24855 0.34268 0.18360 1.00000
0.78648 0.32756 0.45816 0.16474 1.00000
0.80475 0.26911 0.25185 0.19491 1.00000
0.77337 0.33739 0.10440 0.16832 1.00000
0.82445 0.35663 0.26634 0.18689 1.00000
0.87270 0.32185 0.23313 0.19476 1.00000
0.86125 0.54147 0.30055 0.14790 1.00000
0.81359 0.25756 0.34660 0.17227 1.00000
0.89162 0.53058 0.28930 0.16987 1.00000
0.81052 0.47630 0.33680 0.17166 1.00000
0.83934 0.41088 0.18373 0.15635 1.00000
0.73104 0.29995 0.33040 0.17648 1.00000
0.91964 0.43858 0.31812 0.16899 1.00000
0.73291 0.24395 0.43763 0.14957 1.00000
0.84831 0.25569 0.10357 0.15474 1.00000
0.81909 0.35871 0.22954 0.18507 1.00000
0.74296 0.37075 0.16813 0.15421 1.00000
0.87200 0.40227 0.47264 0.14017 1.00000
0.73559 0.43786 0.31723 0.18201 1.00000
0.78738 0.29099 0.24123 0.17678 1.00000
0.82063 0.27510 0.19946 0.15710 1.00000
0.80578 0.52314 0.42167 0.14487 1.00000
0.85372 0.54076 0.37818 0.15333 1.00000
0.74331 0.42162 0.35290 0.14352 1.00000
0.80983 0.25503 0.27837 0.16638 1.00000
0.76034 0.27615 0.25690 0.17784 1.00000
0.79531 0.29804 0.33567 0.17350 1.00000
0.92350 0.26241 0.45630 0.15949 1.00000
0.86020 0.56045 0.39266 0.18336 1.00000
0.77376 0.52553 0.21748 0.18292 1.00000
0.88721 0.35472 0.28508 0.17434 1.00000
0.89009 0.57340 0.14690 0.15137 1.00000
0.90109 0.41905 0.24115 0.14821 1.00000
0.76672 0.24022 0.48238 0.15063 1.00000
0.77907 0.51034 0.35762 0.17093 1.00000
0.82875 0.40697 0.48169 0.19585 1.00000
0.90036 0.31456 0.27895 0.19462 1.00000
0.78096 0.52995 0.34273 0.16592 1.00000
0.91034 0.34780 0.27243 0.18431 1.00000
0.89155 0.45211 0.34265 0.19059 1.00000
0.90538 0.40424 0.48553 0.15132 1.00000
0.88666 0.51529 0.25744 0.14064 1.00000
0.92119 0.33232 0.12603 0.16513 1.00000
0.88826 0.36332 0.36043 0.16927 1.00000
0.86434 0.26864 0.18185 0.19288 1.00000
0.92022 0.26197 0.41930 0.15313 1.00000
0.85636 0.35920 0.14915 0.15553 1.00000
0.90066 0.45007 0.35735 0.14570 1.00000
0.80309 0.38793 0.29721 0.14818 1.00000
0.91778 0.29844 0.26627 0.19091 1.00000
0.92597 0.31251 0.24641 0.16000 1.00000
0.85930 0.50170 0.10104 0.17192 1.00000
0.73301 0.52223 0.38524 0.15232 1.00000
0.89924 0.53565 0.34217 0.16790 1.00000
0.84229 0.54920 0.10539 0.19100 1.00000
0.79732 0.39982 0.25200 0.14020 1.00000
0.78637 0.24827 0.29171 0.19458 1.00000
0.84430 0.24266 0.37439 0.16328 1.00000
0.85806 0.27278 0.36897 0.16937 1.00000
0.82300 0.50813 0.16659 0.19951 1.00000
0.91717 0.35929 0.31039 0.19250 1.00000
0.76686 0.39268 0.28518 0.16910 1.00000
0.78143 0.27063 0.29119 0.17385 1.00000
0.73931 0.36073 0.17336 0.15365 1.00000
0.91027 0.32470 0.28146 0.19368 1.00000
0.77810 0.27027 0.33723 0.18934 1.00000
0.81776 0.56255 0.46268 0.18455 1.00000
0.82706 0.41592 0.27975 0.18854 1.00000
0.79012 0.31406 0.15135 0.18516 1.00000
0.75656 0.51016 0.20454 0.19366 1.00000
0.73625 0.26379 0.48784 0.17398 1.00000
0.82476 0.37810 0.26876 0.16991 1.00000
0.76650 0.25438 0.28453 0.14014 1.00000
0.85431 0.48917 0.46095 0.18103 1.00000
0.78033 0.52693 0.47247 0.14206 1.00000
0.92877 0.56759 0.22033 0.18732 1.00000
0.89534 0.36646 0.36479 0.15992 1.00000
0.82609 0.32226 0.13627 0.15070 1.00000
0.88425 0.39061 0.36936 0.16286 1.00000
0.78419 0.26437 0.13113 0.14803 1.00000
0.87173 0.28919 0.45358 0.19304 1.00000
0.89022 0.49226 0.38318 0.14635 1.00000
0.87168 0.47489 0.32055 0.17869 1.00000
0.92265 0.51175 0.24465 0.15731 1.00000
0.75246 0.44873 0.21399 0.15491 1.00000
0.77597 0.43309 0.30230 0.15682 1.00000
0.84618 0.47617 0.37053 0.19493 1.00000
0.73208 0.56446 0.20064 0.17163 1.00000
0.73074 0.23735 0.32825 0.14284 1.00000
0.79730 0.56856 0.32296 0.18476 1.00000
0.79856 0.30551 0.27035 0.14140 1.00000
0.78060 0.46778 0.35662 0.18480 1.00000
0.84519 0.30641 0.15660 0.19787 1.00000
0.77315 0.36901 0.38299 0.17818 1.00000
0.77922 0.36512 0.37076 0.16586 1.00000
0.75547 0.44342 0.14651 0.14939 1.00000
0.80929 0.49073 0.47419 0.14124 1.00000
0.75604 0.44190 0.18200 0.19173 1.00000
0.91726 0.45354 0.42226 0.18198 1.00000
0.84749 0.27930 0.38409 0.14090 1.00000
0.88077 0.29297 0.41058 0.14525 1.00000
0.74111 0.49183 0.45524 0.16481 1.00000
0.73602 0.55563 0.18769 0.18836 1.00000
0.92648 0.27466 0.32493 0.17720 1.00000
0.90216 0.31625 0.12052 0.17066 1.00000
0.83910 0.56889 0.18868 0.17435 1.00000
0.82575 0.56375 0.19508 0.18029 1.00000
0.76845 0.55924 0.34981 0.16074 1.00000
0.80942 0.30772 0.23852 0.15232 1.00000
0.82240 0.28082 0.12234 0.16004 1.00000
0.75899 0.24612 0.11147 0.14707 1.00000
0.88251 0.46131 0.11121 0.17296 1.00000
0.89502 0.45549 0.48997 0.16681 1.00000
0.85239 0.35174 0.13873 0.17285 1.00000
0.92293 0.40106 0.30350 0.17686 1.00000
0.86381 0.37978 0.18980 0.15247 1.00000
0.89106 0.46609 0.32791 0.17088 1.00000
0.86749 0.47379 0.49883 0.15979 1.00000
0.86297 0.37140 0.44793 0.14087 1.00000
0.90170 0.57853 0.49037 0.19003 1.00000
0.78258 0.27420 0.13015 0.15748 1.00000
0.77829 0.40274 0.12372 0.18983 1.00000
0.84614 0.40849 0.34430 0.14017 1.00000
